1	37
1	38
1	39
1	40
1	41
1	42
1	43
1	44
1	45
1	46
46	47
1	48
1	49
1	50
1	51
1	52
1	53
53	54
53	55
53	56
53	57
53	58
53	59
53	60
53	61
53	62
1	63
1	64
64	65
64	66
64	67
64	68
64	69
64	70
64	71
64	73
64	74
64	75
64	76
64	77
64	78
64	79
64	80
64	81
64	82
64	83
64	84
64	85
85	86
64	3864
64	87
1	88
88	89
88	90
88	72
88	91
88	3870
88	92
88	93
88	94
88	95
88	96
88	97
88	98
88	99
88	100
1	177
1	102
1	103
1	104
1	3850
3850	3851
3850	3852
3850	3853
3850	3854
3850	3855
3850	3856
3850	3857
3850	3858
3850	3859
1	3860
3860	3849
3860	103
3860	3862
3860	3863
1	3865
1	3867
1	3868
1	3869
1	3871
3872	107
3872	108
3872	109
3872	110
3872	111
3872	112
3872	113
3872	114
3872	115
3872	116
3872	117
3872	118
3872	119
3872	120
3872	121
3872	122
3872	123
3872	3875
3872	125
3872	3876
3872	127
3872	128
3872	3877
3872	3878
3872	129
129	130
129	131
3872	132
3872	133
3872	134
3872	135
3872	136
3872	137
3872	138
3872	139
139	140
139	141
139	142
3872	143
4	3879
4	3880
4	3881
4	3882
4	3884
4	3885
4	3886
4	3887
4	3888
4	3889
4	3890
4	170
4	3891
4	1297
4	164
4	167
4	3892
170	177
171	174
171	173
171	3893
171	3894
170	3951
170	175
170	3896
170	3897
170	220
171	3898
171	3899
171	3900
171	3901
171	3902
170	3903
170	238
170	239
170	246
170	247
170	265
170	274
170	280
170	281
170	282
170	176
170	329
170	332
170	330
163	334
170	337
170	331
170	3904
170	3905
170	3906
170	221
170	224
170	225
170	226
170	227
170	228
170	229
170	230
170	231
170	232
170	233
170	234
170	235
170	236
170	237
170	240
170	241
170	242
170	244
170	245
170	195
247	248
247	249
247	250
247	251
247	252
170	253
247	254
247	255
247	256
247	257
247	258
247	259
247	260
247	261
247	262
247	263
170	264
170	23
265	266
265	267
265	268
265	269
265	270
265	271
265	272
265	273
170	291
170	297
32	298
4	309
35	310
4	310
4	311
4	312
4	313
4	314
4	315
4	316
4	318
4	319
4	320
4	321
4	322
4	323
4	324
4	325
4	327
4	328
170	275
8	275
275	276
275	277
275	278
275	279
4172	32
32	300
32	3907
32	3908
32	3909
3907	3910
3907	3501
3910	3911
3910	3912
3910	3913
3907	3508
3508	3914
3508	3915
3508	3916
3908	299
3908	3917
3917	3918
3917	3919
3908	303
3908	301
3908	304
3908	3500
3909	3506
3909	3507
3909	305
3909	3921
3909	3920
3909	3509
32	3922
32	3923
32	3924
32	3925
32	3926
32	3927
32	3928
32	3929
32	3930
32	3931
32	3932
32	3933
32	3934
3942	3935
3942	3936
3942	3937
3942	3938
3942	3939
3942	3940
3941	180
3941	182
3941	179
3941	178
3942	190
3942	191
3942	192
3942	193
3942	194
3942	195
3942	196
3942	197
3942	198
3942	199
3942	200
3942	201
177	183
3941	184
3941	185
3941	186
3941	187
3941	188
3941	189
3941	181
177	3941
177	3942
3942	3943
3944	3945
3944	3946
3944	3947
3944	3948
3944	3949
3944	3950
3942	202
177	203
3951	208
3951	205
3951	206
3951	210
3951	211
3951	212
3951	213
3951	214
3951	215
3951	216
3951	218
170	317
170	336
170	326
170	335
3903	285
170	286
3903	287
170	288
3903	289
3903	290
3848	324
471	485
2785	485
491	492
491	493
491	494
6	495
6	497
6	498
6	499
6	500
6	501
6	502
6	504
6	505
6	471
1611	471
471	472
471	474
1810	1811
3848	3
3	145
3	146
3	147
3	148
3	150
3	151
275	151
3	153
3	154
3	155
3	156
3	157
3	158
3	159
3	160
30	3952
3952	3953
3952	3954
3952	3955
3952	3956
30	3957
30	3958
30	3959
30	3960
30	3961
30	3962
30	3963
30	3964
30	3965
30	3966
30	3967
30	3968
30	3969
30	3970
30	3971
30	3972
30	3973
30	3974
30	3976
30	3977
30	3978
3992	3979
3993	3980
3994	3981
3996	3983
3997	3984
3998	3985
4000	3987
4001	3988
4002	3989
4003	3990
4004	3991
30	3993
30	3994
30	3996
30	3997
30	3998
30	3999
30	4000
30	4001
30	4002
30	4003
30	176
30	4004
30	4005
30	4006
30	4007
30	4008
30	4009
30	4010
30	3365
30	3440
30	4011
30	4012
30	4013
30	4014
30	4015
30	4016
30	4017
30	4018
30	4019
30	4020
30	4021
30	4022
30	4023
30	4024
4024	4025
4024	4026
4024	4027
4024	4028
4024	4029
4024	4030
4024	4031
4024	4032
4024	4033
4024	4034
4034	4035
4034	4036
4034	4037
4024	4038
4024	4039
4039	4040
4039	4041
30	4042
4042	4043
4042	4044
4042	4045
30	4046
4046	4047
30	4048
30	4049
30	4050
30	4051
30	4052
30	4053
30	4054
4054	4055
4054	4056
4054	4057
30	4058
30	4059
30	4060
30	4061
4061	4062
4061	4063
4061	4064
4061	4065
30	3389
30	3391
30	3392
30	3393
30	3394
30	3395
30	3396
30	3397
30	3398
30	3399
30	3400
30	3402
30	3403
30	3404
30	3405
30	3406
30	3407
30	4066
30	4067
30	4068
30	4069
30	4070
30	4071
30	4078
30	4079
30	4080
30	4081
30	4082
30	4083
4083	4084
4083	4085
4083	4086
4083	4087
4083	4088
4083	4089
4083	4090
4083	4091
4083	4092
4083	4093
4083	4094
4083	4095
4083	4096
4083	4097
4083	4098
4083	4099
4083	4101
4083	4102
4083	4104
4083	4105
4083	4106
4083	4107
4083	4108
4083	4109
4083	4110
4083	4111
4083	4112
4083	4113
4083	4114
4083	4115
4083	4116
4083	4117
4083	4118
4083	4119
4083	4120
4083	4121
4083	4122
4083	4123
4083	4124
4083	4125
4083	4126
4083	4127
4083	4128
4083	4129
4083	4130
4083	4131
4083	4132
4083	4133
4083	4134
4083	4135
30	3220
30	4136
30	4138
30	4139
30	4140
30	4141
4141	4142
4141	4143
4141	4144
4141	4145
4141	4146
4141	4147
4141	4148
4141	4149
4141	4150
4141	4151
4141	4152
4141	4153
4141	4154
4141	4155
4141	4156
4141	4157
4141	4158
4141	4159
4141	4160
4141	4161
4141	4162
4141	4163
4141	4164
4	307
15	307
170	308
5	338
338	339
338	340
338	341
338	342
338	343
338	344
338	345
338	346
338	347
5	348
348	349
348	350
348	351
5	352
352	353
352	354
352	355
352	356
352	357
352	358
352	359
352	360
352	361
352	362
352	363
352	364
352	365
352	366
352	367
5	368
5	369
5	370
5	371
5	372
5	373
5	374
5	375
5	376
5	377
5	378
5	379
5	380
5	381
5	382
5	383
5	384
5	385
5	386
5	387
5	388
5	389
5	390
5	391
5	392
5	393
5	394
5	395
5	396
5	397
5	398
5	399
5	400
10	388
5	401
5	402
5	403
5	404
5	405
5	406
5	407
5	408
408	409
408	410
408	411
408	412
408	413
408	414
408	415
408	416
408	417
408	418
408	419
408	420
408	421
408	422
5	423
5	424
5	425
5	426
5	427
5	428
5	429
5	430
5	431
5	432
5	433
5	4171
5	434
5	435
5	436
5	437
5	438
5	439
5	440
5	441
5	442
5	443
443	444
443	445
443	446
443	447
443	448
443	449
443	450
443	451
443	452
443	453
443	454
443	455
443	456
443	457
443	458
443	459
443	460
443	461
443	462
443	463
443	464
443	465
6	466
6	467
6	468
6	469
6	470
471	475
471	476
476	477
476	478
476	479
476	481
471	483
471	484
33	171
7	506
7	507
7	508
7	509
7	510
7	511
7	512
7	513
7	514
7	515
7	516
7	517
7	518
7	519
7	520
7	521
7	522
7	523
7	524
7	525
7	526
7	527
7	528
7	530
7	531
7	532
7	533
7	534
7	535
7	536
7	537
7	538
7	539
7	540
7	541
7	542
7	543
7	544
7	545
7	546
7	547
7	548
7	549
7	550
7	551
7	552
7	553
7	554
7	555
7	556
7	557
7	558
7	559
7	560
7	561
7	562
7	564
7	565
7	566
7	567
7	568
7	569
7	570
7	571
7	572
7	573
7	574
7	575
7	576
7	577
7	578
7	579
7	580
7	581
7	582
7	583
7	584
7	585
7	586
7	587
7	588
7	589
7	590
7	591
7	592
7	593
7	594
7	595
7	596
7	597
7	598
7	599
7	600
7	601
7	602
7	603
7	604
7	605
7	606
7	607
7	608
7	609
609	610
7	611
7	612
7	613
7	614
7	615
7	616
7	617
7	618
7	619
7	622
7	623
7	624
7	625
7	626
7	627
7	628
7	629
7	630
7	631
7	632
7	633
7	634
7	635
7	636
7	637
7	638
7	639
7	640
7	641
7	642
7	643
7	644
7	645
7	646
7	647
7	648
7	649
7	650
7	651
7	652
7	653
7	654
7	655
7	656
7	657
7	658
7	659
7	660
7	661
7	662
7	663
7	664
7	665
7	666
7	667
7	668
7	669
7	670
7	671
7	672
7	673
7	674
7	675
7	676
7	677
7	678
7	679
7	680
7	681
7	682
7	683
7	684
7	685
7	686
7	687
7	688
7	689
7	690
7	691
7	692
7	693
7	694
7	695
7	696
7	697
7	698
7	699
7	700
7	701
7	702
7	703
7	704
7	705
7	706
7	707
7	708
7	709
7	710
7	711
7	712
7	713
7	714
7	715
7	717
7	718
7	719
7	720
4173	721
4173	722
4173	723
4173	724
4173	725
4173	726
4173	727
4173	728
4173	729
4173	730
4173	731
4173	732
4173	733
4173	734
4173	735
4173	736
4173	737
4173	738
4173	739
4173	740
4173	741
4173	742
4173	743
4173	744
4173	745
4173	746
4173	747
4173	748
4173	749
4173	750
4173	751
4173	752
4173	753
4173	754
4173	755
4173	756
4173	757
4173	758
4173	759
4173	760
4173	761
4173	762
4173	763
4173	764
4173	765
4173	766
4173	767
4173	768
4173	769
4173	770
4173	771
4173	772
4173	773
4173	774
4173	775
4173	776
4173	777
4173	778
4173	779
4173	780
4173	781
4173	782
4173	783
4173	784
4173	785
4173	786
4173	787
4173	788
4173	789
4173	790
4173	791
4173	792
4173	793
4173	794
4173	795
4173	796
4173	797
4173	798
4173	799
4173	800
4173	801
4173	802
4173	803
4173	804
4173	805
4173	806
4173	807
4173	808
4173	809
4173	810
4173	811
4173	812
4173	813
4173	814
4173	815
4173	816
4173	817
4173	818
4173	819
4173	820
4173	821
4173	822
4173	823
4173	824
4173	825
4173	826
4173	827
4173	828
4173	829
4173	830
4173	831
4173	832
4173	833
4173	834
4173	835
4173	836
4173	837
4173	838
4173	839
4173	840
4173	841
4173	842
4173	843
4173	844
4173	845
4173	846
4173	847
4173	848
4173	849
4173	850
4173	851
4173	852
4173	853
4173	854
4173	855
4173	856
4173	857
4173	858
4173	859
4173	860
4173	861
4173	862
4173	863
4173	864
4173	865
4173	866
4173	867
4173	868
4173	869
4173	870
4173	871
4173	872
4173	873
4173	874
4173	875
4173	876
4173	877
4173	878
4173	879
4173	880
4173	881
4173	882
4173	883
4173	884
4173	885
4173	886
4173	887
4173	888
4173	889
4173	890
4173	891
4173	892
4173	893
4173	894
4173	895
4173	896
4173	897
4173	898
4173	899
4173	900
4173	901
4173	902
4173	903
4173	904
4173	905
4173	906
4173	907
4173	908
4173	909
4173	910
4173	911
4173	912
4173	913
4173	914
4173	915
4173	916
4173	917
4173	918
4173	919
4173	920
4173	921
4173	922
4173	923
4173	924
4173	925
4173	926
4173	927
4173	928
4173	929
4173	930
4173	931
4173	932
4173	933
4173	934
4173	935
4173	936
4173	937
4173	938
4173	939
4173	940
4173	941
4173	942
4173	943
4173	944
4173	945
4173	946
4173	947
4173	948
4173	949
4173	950
4173	951
4173	952
4173	953
4173	954
4173	955
4173	956
4173	957
4173	958
4173	959
4173	960
4173	961
4173	962
4173	963
4173	964
4173	965
4173	966
4173	967
4173	968
4173	969
4173	970
4173	971
4173	972
4173	973
4173	974
4173	975
4173	976
4173	977
4173	978
4173	979
4173	980
4173	981
4173	982
4173	983
4173	984
4173	985
4173	986
4173	987
4173	988
4173	989
4173	990
4173	991
4173	992
4173	993
4173	994
4173	995
4173	996
4173	997
4173	998
4173	999
4173	1000
4173	1001
4173	1002
4173	1003
4173	1004
4173	1005
4173	1006
4173	1007
4173	1008
4173	1009
4173	1010
4173	1011
4173	1012
4173	1013
4173	1014
4173	1015
4173	1016
4173	1017
4173	1018
4173	1019
4173	1020
4173	1021
4173	1022
4173	1023
4173	1024
4173	1025
4173	1026
4173	1027
4173	1028
4173	1029
4173	1030
4173	1031
4173	1032
4173	1033
4173	1034
4173	1035
4173	1036
4173	1037
4173	1038
4173	1039
4173	1040
4173	1041
4173	1042
4173	1043
4173	1044
4173	1045
4173	1046
4173	1047
4173	1048
4173	1049
4173	1050
4173	1051
4173	1052
4173	1053
4173	1054
4173	1055
4173	1056
4173	1057
4173	1058
4173	1059
4173	1060
4173	1061
4173	1062
4173	1063
4173	1064
4173	1065
4173	1066
4173	1067
4173	1068
4173	1069
4173	1070
4173	1071
4173	1072
4173	1073
4173	1074
4173	1075
4173	1076
4173	1077
4173	1078
4173	1079
4173	1080
4173	1081
4173	1082
4173	1083
4173	1084
4173	1085
4173	1086
4173	1087
4173	1088
4173	1089
4173	1090
4173	1091
4173	1092
4173	1093
4173	1094
4173	1095
4173	1096
4173	1097
4173	1098
4173	1099
4173	1100
4173	1101
4173	1102
4173	1103
4173	1104
4173	1105
4173	1106
4173	1107
4173	1108
4173	1109
4173	1110
4173	1111
4173	1112
4173	1113
4173	1114
4173	1115
4173	1116
4173	1117
4173	1118
4173	1119
4173	1120
4173	1121
4173	1122
4173	1123
4173	1124
4173	1125
4173	1126
4173	1127
4173	1128
4173	1129
4173	1130
4173	1131
4173	1132
4173	1133
4173	1134
4173	1135
4173	1136
4173	1137
4173	1138
4173	1139
4173	1140
4173	1141
4173	1142
4173	1143
4173	1144
4173	1145
4173	1146
4173	1147
4173	1148
4173	1149
4173	1150
4173	1151
4173	1152
4173	1153
4173	1154
4173	1155
4173	1156
4173	1157
4173	1158
4173	1159
4173	1160
4173	1161
4173	1162
4173	1163
4173	1164
4173	1165
4173	1166
4173	1167
4173	1168
4173	1169
4173	1170
4173	1171
4173	1172
4173	1173
4173	1174
4173	1175
4173	1176
4173	1177
4173	1178
4173	1179
4173	1180
4173	1181
4173	1182
4173	1183
4173	1184
4173	1185
4173	1186
4173	1187
4173	1188
4173	1189
4173	1190
4173	1191
4173	1192
4173	1193
4173	1194
4173	1195
4173	1196
4173	1197
4173	1198
4173	1199
4173	1200
4173	1201
4173	1202
4173	1203
4173	1204
4173	1205
4173	1206
4173	1207
4173	1208
4173	1209
4173	1210
4173	1211
4173	1212
4173	1213
4173	1214
4173	1215
4173	1216
4173	1217
4173	1218
4173	1219
4173	1220
4173	1221
4173	1222
4173	1223
4173	1224
4173	1225
4173	1226
4173	1227
4173	1228
4173	1229
4173	1230
4173	1231
4173	1232
4173	1233
4173	1234
4173	1235
4173	1236
4173	1237
4173	1238
4173	1239
4173	1240
4173	1241
4173	1242
4173	1243
4173	1244
4173	1245
4173	1246
4173	1247
4173	1248
4173	1249
4173	1250
4173	1251
4173	1252
4173	1253
4173	1254
4173	1255
4173	1256
4173	1257
4173	1258
4173	1259
4173	1260
4173	1261
4173	1262
4173	1263
4173	1264
4173	1265
4173	1266
4173	1267
8	8
8	1269
8	1270
8	220
8	1274
8	1275
8	1276
8	1277
8	1278
8	1281
8	1282
1286	1283
1286	1284
8	1285
1286	1287
8	1286
9	1317
9	1348
9	1362
9	1415
4174	1289
4174	1290
4174	1291
4174	335
4174	1293
4174	1294
4174	1295
4174	1296
4174	1297
4174	1298
4174	1299
4174	1300
4174	1281
4174	1308
4174	1312
4174	1314
4174	1316
1317	1318
1317	1319
1317	1320
1317	1321
1317	1322
1317	1323
1317	1324
1317	1325
1317	1326
1317	1327
1317	1328
1317	1329
1317	1330
1317	1331
1317	1332
1333	1334
1333	1335
1333	1336
1333	1337
1333	1338
1333	1339
1333	1340
1333	1341
1333	1342
1333	1343
1333	1344
1333	1345
1333	1346
1333	1347
9	1333
1348	1349
1348	1350
1348	1351
1348	1352
1348	1353
1348	1354
1348	1355
1348	1356
1348	1357
1348	1358
1348	1359
1348	1361
1362	1363
1362	1364
1362	1365
1362	1366
1362	1367
1362	1368
1362	1369
1362	1370
1362	1371
1362	1372
1362	1373
1362	1374
1362	1375
1362	1376
1362	1377
1362	1378
1362	1379
1362	1380
1362	1381
1362	1382
1362	1383
1362	1384
1362	1385
1362	1386
1362	1387
1362	1388
1362	1389
1362	1390
1362	1391
1362	1392
1362	1393
1362	1394
1362	1395
1362	1396
1362	1397
1362	1398
1362	1399
1362	1400
1362	1401
1362	1402
1362	1403
1362	1404
1362	1405
1362	1406
1362	1407
1362	1408
1362	1409
1362	1410
1362	1411
1362	1412
1362	1413
1362	1414
10	1416
10	1417
10	1418
10	1419
10	1420
10	1421
10	1422
10	1423
10	1424
10	1426
10	1427
10	1428
10	1429
10	1431
10	1432
10	1433
10	1435
10	1436
10	1437
10	1438
10	1439
10	1440
10	1441
10	1442
10	1443
10	1444
10	1445
10	1446
10	1447
10	1448
10	1449
10	1451
10	1452
10	1453
10	1454
10	1455
10	1456
10	1457
10	1458
10	1459
10	1460
10	1461
10	1462
10	1463
10	1464
10	1465
10	1466
10	1467
10	1468
10	1469
10	1470
10	1471
10	1472
10	1473
10	1474
10	1475
10	1476
10	1477
10	1478
10	1479
10	1480
10	1481
10	1482
10	1483
10	1484
10	1485
10	1486
10	1487
10	1488
10	1489
1492	4177
1492	4178
10	1490
10	1491
10	1493
10	1495
10	1496
10	220
10	1498
10	1499
10	1500
10	1501
10	1502
10	1503
10	1504
10	1505
10	1506
10	1507
10	1508
10	1509
10	1510
10	1511
10	1512
10	1513
10	1514
10	1515
1515	1516
1515	1517
1515	1518
10	1519
10	1520
10	1522
10	1523
10	1524
10	1525
10	1526
10	1528
10	1529
1529	1530
1529	1531
1529	1532
1529	1533
1529	1534
1529	1535
1529	1536
1529	1537
1529	1538
1529	1539
1529	1540
1529	1541
1529	1542
1529	1543
1529	1544
10	1545
10	1546
10	1547
10	1548
10	1549
10	1550
10	1551
10	1552
10	1553
10	1554
10	1555
10	1556
10	1557
10	1559
10	1560
10	1561
10	1562
10	1563
10	1564
10	1566
10	1567
10	1568
10	1569
10	1570
10	1571
11	1572
1572	1573
1572	1574
1574	1575
1572	1576
1572	1577
1572	1578
1572	1579
1572	1580
11	1581
15	1581
11	1582
11	1583
11	1584
11	1585
11	1586
11	1589
11	1590
11	1591
11	1592
11	1593
11	1594
11	1595
11	1596
11	1597
11	1598
11	1599
11	1600
11	1601
11	1602
11	1603
11	1604
11	1605
11	1606
11	1607
11	1608
11	1609
11	1610
11	1614
11	1615
11	1616
3897	4205
3897	4206
3897	4207
3897	4208
3897	4209
3897	4210
3897	4211
3897	4212
3897	4213
3897	4214
3897	4215
3897	4216
3897	4217
3897	4218
3897	4219
3897	4220
3897	4221
3897	4222
3897	4223
3897	4224
3897	4225
3897	4226
3897	4227
3897	4228
3897	4229
3897	4230
3897	4231
3897	4232
3897	4233
3897	4234
3897	4235
12	1617
12	1618
12	1619
12	1620
12	1621
12	1622
12	1623
12	1624
12	1625
12	1626
12	1627
12	1628
12	1629
12	1630
12	1631
12	1632
12	1633
12	1634
12	1635
12	1636
1636	1637
1636	1638
1636	1639
1636	1640
1636	1641
1636	1642
1636	1643
1636	1644
1636	1645
1636	1646
1636	1647
12	1648
12	1649
12	1650
12	1651
12	1652
12	1653
12	1654
12	1655
12	1656
12	1657
12	1659
12	1660
12	4236
12	4237
12	4238
12	4239
13	1662
13	1663
13	1664
13	1665
13	1666
13	1667
13	1668
13	1669
13	1670
13	1671
13	1672
13	1673
13	1674
13	1675
13	1676
13	1677
13	1678
13	1679
13	1680
13	1681
13	1682
13	1683
13	1684
13	1685
13	1686
13	1688
13	1689
13	1690
13	1691
13	1692
13	1693
13	1694
13	1695
13	1696
13	1697
13	1698
13	1699
13	1700
13	1701
13	1703
13	1704
13	1705
13	1706
13	1707
13	1708
13	1709
13	1710
13	1711
13	1712
13	1713
13	1714
13	1715
13	1716
13	1717
13	1718
13	1719
13	1720
13	1721
13	1722
13	1723
13	1724
13	1725
13	1726
13	1727
13	1728
13	1729
13	1730
13	1731
13	1732
13	1733
13	1734
13	1735
13	1737
13	1739
13	1740
13	1742
13	1743
13	1744
13	1745
13	1746
13	1747
13	1748
13	1749
13	1750
13	1751
13	1752
13	1753
13	1754
13	1755
13	1756
13	1757
13	1758
13	1759
13	1760
13	1761
13	1762
13	1764
13	1765
13	1766
13	1767
13	1768
13	1769
13	1770
13	1771
13	1772
13	1773
1773	1774
1773	1775
1773	1776
1773	1777
1773	1778
1773	1779
1773	1780
1773	1781
13	1782
13	1783
13	1784
13	1785
13	1786
13	1787
13	1788
13	1789
13	1790
13	1791
13	1792
13	1793
13	1794
13	1795
13	1796
13	1797
13	1798
13	1799
13	1800
13	1801
13	1802
13	1803
13	1804
13	1806
13	1807
13	1808
13	1809
14	1810
1810	1812
14	1813
14	1814
14	1815
14	1816
14	1817
14	1818
14	1819
14	1820
14	1821
14	1822
14	1823
14	1824
14	1825
1611	1493
1611	1829
4240	475
1611	1838
1611	1846
1611	1848
1611	1849
1611	4241
14	1853
1853	1854
1853	1855
1853	1856
1853	1857
1853	1858
1853	1859
1853	1860
1853	1861
1853	1862
1853	1863
1853	1864
1853	1865
1853	1866
1853	1867
1853	1868
1853	1869
1869	1870
1869	1871
1869	1872
1869	1873
1869	1874
1869	1875
14	1877
14	1316
14	1879
14	1880
14	1881
14	1882
14	1883
14	1884
14	1885
14	1886
14	1887
14	1888
14	1889
14	1890
14	1892
14	1893
14	1894
15	1896
15	1897
15	1898
15	1899
15	1900
15	1901
15	1902
15	1903
15	1904
15	1905
15	1906
15	1907
15	1908
15	1909
15	1910
15	1911
15	1912
15	1913
15	1914
15	1915
15	1916
15	1917
15	1918
15	1919
15	1920
15	1921
15	1922
15	1923
15	1924
15	1925
15	1926
15	1927
15	1928
15	4245
15	1929
15	1930
15	1931
15	1932
15	1933
15	1934
15	1935
15	1936
15	1937
15	1938
15	1939
15	1940
15	1941
15	1942
15	1943
15	1944
15	1945
15	1946
15	1947
15	1948
15	1949
15	1950
15	1951
15	1952
15	1954
15	1955
15	1956
15	1957
15	1958
15	1959
15	1960
15	1961
15	1962
15	1963
15	1964
15	1965
15	1966
15	1967
15	1968
15	1953
15	1970
15	1971
15	1972
15	1492
10	1492
15	1973
15	1974
15	1975
15	1976
15	1977
15	1978
15	1979
15	1981
15	1982
15	1983
15	1980
16	1984
1984	1985
1984	1986
1984	1987
1987	1988
1987	1989
1987	1990
1990	1991
1990	1992
1990	1993
16	1994
1994	1995
1994	1996
1994	1997
1994	1998
1994	1999
2000	2001
2000	2002
2000	2003
2000	2004
2000	2005
2000	2006
2000	2008
2000	2009
2000	2010
2000	2011
2000	2012
2000	2013
16	2014
2014	2015
2014	2016
16	2017
2017	2018
16	2019
2019	2020
16	2021
16	2022
17	2023
17	2024
17	2025
17	2026
17	2027
17	2028
17	2029
17	2030
17	2031
2031	2032
2031	2033
2031	2034
2031	2035
17	2036
17	2037
17	2038
17	2039
17	2040
17	2041
17	2042
17	2043
17	2044
2044	2045
17	2046
17	2047
17	2048
17	2049
17	2050
17	2051
17	2052
17	2053
17	2054
17	2055
17	2056
17	2057
17	2058
17	2059
17	2060
17	2061
17	2062
17	2063
17	2064
17	2065
17	2066
17	2067
17	2068
17	2069
17	2070
17	2071
17	2072
17	2073
17	2074
17	2075
17	2076
17	2077
17	2078
17	2079
17	2082
17	2083
17	4250
17	2085
17	2751
17	2087
17	2676
4251	4252
4251	4253
4251	4254
4251	4255
4251	4256
4251	4257
4251	4258
4251	4259
4251	4260
4251	4261
4251	4262
4251	4263
4263	4264
4263	4265
4251	4266
4251	4267
4251	4268
4251	4269
4251	4270
4251	4271
4251	4272
4251	4273
4251	4274
4251	4275
4251	4276
4251	4277
4251	4278
4251	4279
4251	4280
4251	4281
4251	4282
4251	4283
4251	4284
4251	4285
4251	4286
4251	4287
4251	4288
4251	4289
4251	4290
4251	4291
4251	4292
4251	4293
4251	4294
4294	4295
4294	4296
4294	4297
9	4293
4298	2089
4298	2090
4298	2091
4298	2092
4298	2093
4298	2094
4298	2095
4298	2096
4298	2097
4298	2098
4298	2099
4298	2101
4298	2102
4298	2103
4298	2104
4298	2105
4298	2106
4298	2107
4298	2108
4298	2109
4298	2110
4298	2111
4298	2112
4298	2113
4298	2114
4298	2115
4298	2116
4298	2117
4298	2118
4298	2119
4298	2120
4298	2121
4298	2122
4298	2123
4298	2124
4298	2125
4298	2126
4298	2127
4298	2128
4298	2129
4298	2130
4298	2131
4298	2132
4298	2133
4298	2134
4298	2135
4298	2136
4298	2137
4298	2138
4298	2139
4298	2140
4298	2141
4298	2142
4298	2143
4298	2144
4298	2145
4298	2146
4298	2147
4298	2148
4298	2149
4298	2150
4298	2151
4298	2152
4298	2153
4298	2154
4298	2155
4298	2156
4298	2157
4298	2158
4298	2159
4298	2160
4298	2161
4298	2162
4298	2163
4298	2164
4298	2165
4298	2166
4298	2167
4298	2168
4298	2169
4298	2170
4298	2171
4298	2172
4298	2173
4298	2174
4298	2175
4298	2176
4298	2178
4298	2179
4298	2180
4298	2181
4298	2182
4298	2183
4298	2177
4298	2184
4298	2185
4298	2186
4298	2187
4298	2188
4298	2189
4298	2190
4298	2191
4298	2192
4298	2193
4298	2194
4298	2195
4298	2196
4298	2197
4298	2198
4298	2199
4298	2200
4298	2201
4298	2202
4298	2203
4298	2204
4298	2205
4298	2206
4298	2207
4298	2208
4298	2209
4298	2210
4298	2211
4298	2212
4298	2213
4298	2214
4298	2215
4298	2216
4298	2217
4298	2218
4298	2219
4298	2220
4298	2221
4298	2222
4298	2223
4298	2224
4298	2225
4298	2226
4298	2227
4298	2228
4298	2229
4298	2230
4298	2231
4298	2232
4298	2233
4298	2234
4298	2235
18	2236
18	2237
18	2238
18	2239
18	2240
18	2241
18	2242
18	2243
18	2244
18	2245
18	2246
18	2247
18	2248
18	2249
18	2250
18	2251
18	2252
18	2253
18	2254
18	2255
18	2256
18	2257
18	2258
18	2259
18	2260
18	2261
18	2262
18	2263
18	2264
18	2265
18	2266
18	2267
18	2268
18	2269
18	2270
18	2271
18	2272
18	2273
18	2274
18	2275
18	2276
18	2277
18	2278
18	2279
18	2280
18	2281
18	2282
18	2283
18	2284
18	2285
18	2286
18	2287
18	2288
18	2289
18	2290
18	2291
18	2292
18	2293
18	2294
18	2295
18	2296
18	2297
18	2298
18	2299
18	2300
18	2301
18	2302
18	2303
18	2304
18	2305
18	2306
18	2307
18	2308
18	2309
18	2310
18	2311
18	2312
18	2313
18	2314
18	2315
18	2316
18	2317
18	2318
18	2319
18	2320
18	2321
18	2322
18	2323
18	2324
18	2325
18	2326
18	2327
18	2328
18	2329
18	2330
18	2331
18	2332
18	2333
18	2334
18	2335
18	2336
18	2337
18	2338
18	2339
18	2340
18	2341
18	2342
18	2343
18	2344
18	2345
18	2346
18	2347
18	2348
18	2349
18	2350
18	2351
18	2352
18	2353
18	2354
18	2355
18	2356
18	2357
18	2358
18	2359
18	2360
18	2361
18	2362
18	2363
18	2364
18	2365
18	2366
18	2367
18	2368
18	2369
18	2370
18	2371
18	2372
18	2373
18	2374
18	2375
18	2376
18	2377
18	2378
18	2379
18	2380
18	2381
18	2382
18	2383
18	2384
18	2385
18	2386
18	2387
18	2388
18	2389
18	2390
18	2391
18	2392
18	2393
18	2394
18	2395
18	2396
18	2397
18	2398
18	2399
18	2400
18	2401
18	2402
18	2403
18	2404
18	2405
18	2406
18	2408
18	2409
18	2410
18	2411
18	2412
18	2413
18	2414
18	2415
18	2416
18	2417
18	2418
18	2419
18	2420
18	2421
18	2422
18	2423
18	2424
18	2425
18	2426
18	2427
18	2428
18	2429
18	2430
18	2431
18	2432
18	2433
18	2434
18	2435
18	2436
18	2437
18	2438
18	2439
18	2440
18	2441
18	2442
18	2443
18	2444
18	2445
18	2446
18	2447
18	2448
18	2449
18	2450
18	2451
18	2452
18	2453
18	2454
18	2455
18	2456
18	2457
18	2458
18	2459
18	2460
18	2461
18	2462
18	2463
18	2464
18	2465
18	2466
18	2467
18	2468
18	2469
18	2470
18	2471
18	2472
18	2473
18	2474
18	2475
18	2476
18	2477
18	2478
18	2479
18	2482
18	2483
18	2484
18	2485
18	2486
18	2487
18	2488
18	2489
18	2490
18	2491
18	2492
18	2493
18	2494
18	2495
18	2496
18	2497
18	2498
18	2499
18	2500
18	2501
18	2502
18	2503
18	2504
18	2505
18	2506
18	2507
18	2508
18	2509
18	2510
18	2511
18	2512
18	2513
18	2514
18	2515
18	2516
18	2517
18	2518
18	2519
18	2520
18	2521
18	2522
18	2523
18	2524
18	2525
18	2526
19	2527
19	2528
19	2529
19	2530
19	2532
19	2534
19	2535
19	2536
19	2537
19	2538
19	2539
19	2540
19	2541
19	2542
19	2543
19	2544
19	2545
19	2546
19	2547
19	2548
19	2549
19	2550
19	2551
19	2552
19	2553
19	2554
19	2555
19	2556
19	2557
19	2558
19	2560
19	2561
19	2562
19	2563
19	2564
19	2565
19	2566
19	2567
19	2568
19	2569
19	2571
19	2572
19	2573
19	2574
19	2575
19	2576
19	2577
19	2578
19	2579
19	2580
19	2581
19	2583
19	2584
19	2585
20	2586
20	2587
20	2588
20	2589
20	2590
20	2591
20	2592
20	2593
20	2594
20	2595
20	2596
20	2597
20	2598
20	2599
20	2600
20	2601
20	2602
20	2603
20	2604
20	2605
20	2606
20	2607
20	2608
20	2609
20	2610
20	2611
20	2612
20	2613
20	2614
20	2615
20	2616
20	2617
20	2618
20	2619
20	2620
20	2621
20	2622
20	2623
20	2624
20	2625
20	2626
20	2627
20	2628
20	2629
20	2630
20	2631
20	2632
20	2633
20	2634
20	2635
20	2636
20	2637
20	2638
20	2639
20	2640
20	2641
20	2642
20	2643
20	2644
20	2645
20	2646
20	2647
20	2648
20	2649
20	2650
20	2651
20	2652
20	2653
20	2654
20	2655
20	2656
20	2657
20	2658
20	2659
20	2661
20	2662
20	2663
20	2664
20	2665
20	2666
20	2667
20	2668
20	2669
20	2670
20	2671
20	2672
20	2673
20	2674
20	2675
20	2676
20	2677
20	2678
4299	4300
4299	4301
4299	4302
4299	4303
4299	4304
4299	4305
4299	4306
4299	4307
4299	4308
4299	4309
4299	4310
4299	4311
4299	4313
4299	4314
4299	4315
4299	4316
4299	4317
4299	4318
4299	4319
4299	4320
4299	4321
4299	4322
4299	4323
4299	4324
4299	4325
4299	4326
4299	4327
4299	4328
4299	4329
4299	4330
4299	4331
4299	4332
4299	4333
4299	4334
4299	4335
4299	4336
4299	4337
4299	4338
4299	4339
4299	4340
4299	4341
4299	4342
4299	4343
4299	4344
4299	4345
4299	4346
4299	4347
4299	4348
4299	4349
4299	4350
4299	4351
4299	4352
4299	4353
4299	169
4299	4355
4299	4356
4299	4357
4299	4358
4299	4359
4299	4360
4299	4361
4299	4362
21	2679
21	2680
21	2681
21	2682
21	2683
21	2684
21	2685
21	2686
21	2687
21	2688
21	2689
21	2690
21	2691
21	2692
21	2693
21	2694
21	2695
21	2696
21	2697
21	2698
21	2699
21	2700
21	2701
21	2702
21	2703
21	2705
21	2709
21	2710
21	2711
21	2712
21	2713
21	2714
21	2715
21	2716
21	2717
21	2718
21	2719
21	2720
21	2721
22	2722
22	2723
22	2724
22	2725
22	2726
22	2727
22	2728
22	2729
22	2730
22	2731
22	2732
22	2733
22	2734
22	2735
22	2736
22	2737
22	2738
22	2739
22	2740
22	2741
22	2742
22	2743
22	2744
22	2745
22	2746
22	2747
22	2748
22	2749
22	2750
22	2751
23	2752
23	2753
2753	2754
2753	2755
2753	2756
2753	2757
2753	2758
2753	2759
2753	2760
2753	2761
23	2762
2762	2763
2762	2765
2762	2766
2762	2767
23	2764
23	2768
23	2769
2769	2770
2769	2771
2769	2772
2769	2773
2769	2774
23	2775
2775	2776
2775	2777
2775	2778
2775	2779
2775	2780
2775	2782
23	2783
23	4364
23	2784
23	2785
23	2786
23	2787
4364	2788
4364	2789
4364	2790
4364	2791
4364	2792
4364	2793
4364	2794
4364	2795
4364	2796
4364	2797
4364	2798
4364	2799
4364	2800
4364	2801
4364	2802
4364	2803
4364	2804
4364	2805
4364	2806
4364	2807
4364	2808
4364	2809
4364	2810
23	2811
23	2812
2811	2813
2811	2814
2811	2815
2811	2816
2811	2817
2811	2818
2811	2819
2811	2820
2811	2821
2811	2822
2811	2823
2811	2826
2811	2827
2811	2831
491	2833
491	2834
4365	2812
491	2835
2811	1847
1611	1847
23	1278
23	237
237	2840
237	2841
2811	2842
2811	2843
23	2847
23	2849
23	2850
2847	2851
2847	2852
23	2853
23	2854
2847	2855
2847	2856
2847	2857
2847	2858
2847	2859
23	2860
23	2861
23	2862
23	2863
2863	2864
2863	2865
2863	2866
2863	2867
2863	2868
2863	2869
2863	2870
23	2871
23	2872
2872	2873
2872	2874
2872	2875
2872	2876
2872	2877
2872	2878
23	2879
23	389
23	2880
23	2881
23	2882
23	2883
23	2884
23	2885
23	2886
23	2887
23	2888
23	2889
23	2890
23	2891
23	2892
23	2893
23	2894
23	2895
23	2896
23	2897
23	2898
23	2899
23	2900
23	2901
23	2902
23	2903
23	2904
23	2905
23	2906
23	2907
23	2908
23	2909
23	2910
23	2911
23	2912
23	2913
23	2914
23	2915
23	2917
23	2918
23	2919
23	2920
23	2921
23	2922
23	2923
23	2925
23	2926
23	2927
23	2928
23	2929
23	2930
23	2931
23	2932
23	2933
2933	2934
2933	2935
23	2936
2936	2937
2936	2938
23	2939
23	2940
23	2941
23	2942
23	2944
23	2945
23	2946
23	2947
23	2948
23	2949
23	2950
23	2951
23	2952
23	2953
23	2954
23	2955
23	2956
23	2957
23	2958
23	2959
23	2960
23	2961
23	2962
23	2963
23	2964
23	2965
23	2966
23	2967
23	2968
23	2969
23	2970
23	2971
23	2972
23	2973
23	2974
23	2975
23	2976
23	2977
23	2978
23	2979
23	2980
23	2981
23	2982
23	2983
23	2984
23	2985
23	2986
23	2987
23	2988
23	2989
23	2990
23	2991
23	2992
23	2993
23	497
23	498
23	2994
23	2997
23	2998
23	3000
23	3001
23	3002
23	3003
23	3004
23	3005
23	3006
23	3007
23	3008
23	3009
23	3010
23	3011
23	3012
23	3013
23	3014
23	3015
23	3016
23	3017
23	3018
23	3019
23	3020
23	3021
23	3022
23	3023
23	3024
23	3025
23	3026
23	3027
23	3028
23	3029
23	3030
24	3031
24	3032
24	3033
24	3034
24	3035
24	3036
24	3037
24	3038
24	3039
24	3040
24	3041
24	3042
24	3043
24	3044
24	3045
24	3046
24	3047
24	3048
24	3049
24	3050
24	3051
24	3052
24	3053
24	3054
24	3055
24	3056
3056	3057
24	3058
3058	3059
24	3060
24	3061
24	3062
24	3063
24	3064
24	3065
24	3066
24	3067
24	3068
24	3069
24	3070
24	3072
24	3073
24	3074
24	3075
4368	4369
4367	4370
4370	4371
4370	4372
4370	4373
4370	4374
4370	4375
4370	4376
4370	4377
4370	4378
4370	4379
4370	4380
4370	4381
4370	4382
4370	4383
4370	4384
4370	4385
4370	4386
4370	4387
4370	4388
4370	4389
4370	4390
4370	4391
4370	4392
4370	4393
4370	4394
4370	4395
4370	4396
4370	4397
4370	4398
4370	4399
4370	4400
4370	4401
4370	4402
4370	4403
4370	4404
4370	4405
4370	4406
4370	4407
4370	4408
4370	4409
4370	4410
4370	4411
4370	4412
4370	4413
4370	4415
4370	4416
4370	4417
4370	4418
4370	4419
4370	4420
4370	4422
4370	4423
4370	4424
4370	4425
4370	4426
4370	4427
4370	4428
4370	4429
4370	4430
4370	4431
4370	4432
4370	4433
4370	4434
4370	4435
4370	4436
4370	4437
4370	4438
4370	4439
4370	4440
4370	4441
4370	4442
4370	4443
4370	4444
4370	4445
4370	4446
4370	4447
4370	4448
4448	4449
4448	4450
4448	4451
4448	4452
4448	4453
4448	4454
4448	4455
4367	4456
4367	4457
4367	4458
4367	4459
4367	4460
4367	4461
4367	4462
4367	4463
4367	4464
4367	4465
4367	4466
4367	4467
4367	4469
4367	4470
4367	4471
4367	4472
4367	4473
4367	4474
4367	4475
4367	4476
4367	4477
4367	4478
4367	4479
4367	4480
4480	4481
4480	4482
4480	4483
4480	4484
4480	4485
4480	4486
4480	4487
4480	4488
4480	4489
4480	4490
4480	4491
4480	4492
4480	4493
4480	4494
4480	4495
4480	4496
4480	4497
4480	4498
4480	4499
4480	4500
4480	4501
4480	4502
4480	4503
4480	4504
4480	4505
4480	4506
4480	4507
4480	4508
4480	4509
4480	4510
4480	4511
4480	4512
4480	4513
4480	4514
4480	4515
4480	4516
4480	4517
4480	4518
4480	4519
4367	4520
4520	4521
4520	4522
4367	4523
4523	4524
4523	4525
4523	4526
4523	4527
4523	4528
4523	4529
4523	4530
4367	4531
4531	4532
4531	4533
4367	4534
4534	4535
4534	4536
4367	4537
326	4538
326	4539
326	4540
326	4541
326	4542
326	4543
326	4544
326	4545
326	4546
4546	4547
4546	4548
4546	4549
4546	4550
4546	4551
4546	4552
4546	4553
4546	4554
4546	4555
4546	4556
326	4557
326	4558
326	4559
326	4560
326	4561
326	4562
326	4563
326	4564
326	4565
326	4566
326	4567
326	4568
326	4569
326	4570
326	4571
326	4572
326	4573
326	4574
326	4575
326	4576
326	4577
326	4578
326	4579
326	4580
326	4581
326	4582
326	4583
326	4584
326	4585
326	4586
326	4587
326	4588
326	4589
326	4590
326	4591
326	4592
326	4593
326	4594
326	4595
326	4596
326	4597
326	4598
326	4599
326	4600
326	4601
326	4602
326	4603
326	4604
326	4605
326	4606
326	4607
326	4608
326	4609
326	4610
326	4611
326	4612
326	4613
326	4614
326	4615
326	4616
326	4617
326	4618
326	4619
326	4620
326	4621
326	4622
326	4623
326	4624
326	4625
326	4626
326	4627
326	4628
326	4629
326	4630
326	4631
326	4632
326	4633
326	4634
326	4635
326	4636
326	4637
326	4638
326	4639
326	4640
326	4641
326	4642
326	4643
326	4644
326	4645
326	4646
326	4647
326	4648
326	4649
326	4650
326	4651
326	4652
326	4653
326	4654
326	4655
326	4656
326	4657
326	4658
326	4659
326	4660
326	4661
326	4662
326	4663
326	4664
326	4665
326	4666
326	4667
25	4669
25	4670
25	4671
25	4672
25	4673
25	4674
25	4675
25	4676
25	4677
4677	4678
4677	4679
25	4681
25	4682
25	4683
25	4685
25	4686
25	4687
25	4688
25	1439
25	4691
25	4692
25	4693
25	4694
25	4695
25	4696
25	4697
25	4698
25	4699
25	4700
25	4701
25	4702
25	4703
25	4704
25	4705
4705	4706
4705	4707
4705	4708
4705	4709
4705	4710
4705	4711
25	4712
25	3121
25	3122
25	4715
25	4716
25	4717
25	4718
28	3299
28	3300
28	3301
28	3302
28	3303
28	3304
28	3305
28	3306
28	3307
3305	3309
28	4722
28	3352
30	3352
28	3310
28	3311
28	3312
28	3313
28	3314
28	3315
28	3316
28	3317
28	3318
28	3319
28	3320
28	3321
28	3322
28	3323
28	3324
28	3325
28	3326
28	3327
28	3328
28	3329
28	3330
28	3331
28	3332
28	3333
28	3334
28	3335
28	3336
28	3337
28	3338
28	3339
28	3340
28	3341
28	3342
28	3343
28	3344
28	3345
28	3346
28	3347
28	3348
28	3349
28	3350
28	3351
28	3355
28	3356
28	3357
28	3358
28	3359
28	3360
28	3361
28	3364
28	4724
28	3367
28	3368
28	3370
28	3371
28	3372
28	3373
28	3374
28	3375
28	3376
28	3377
31	3417
31	3418
31	3419
31	3420
31	3421
31	3422
31	3423
31	3424
31	3425
31	3426
31	3427
31	3428
31	3429
31	3430
31	3431
31	3432
31	3433
31	3434
31	3435
31	3436
31	3438
31	3439
31	3440
31	3441
31	1658
31	3444
31	3445
31	3446
31	3447
31	3448
31	3449
31	3450
31	3451
31	3452
31	3453
31	3379
31	3380
31	3381
31	3382
31	3383
31	3384
31	3385
31	3386
31	3387
31	3388
3453	3454
3453	3455
31	3457
31	3458
31	3459
31	3460
31	3461
31	3462
31	3463
31	3464
31	3465
31	3466
31	3467
1805	3468
1805	3469
31	3470
31	3476
31	3477
3477	3479
3477	148
4	163
3477	3482
3477	3483
3477	3484
3477	3486
3477	3487
3477	3488
3477	3490
3477	4250
3477	1805
32	3503
32	3504
32	3505
32	3508
4172	2847
33	3510
3510	3511
3510	3512
3510	3513
3510	3514
3510	3515
3510	3516
3510	3517
3510	3518
3510	3519
3510	3520
3510	3521
3510	3522
3510	3523
3510	3524
3510	112
3510	3526
3510	3527
3510	3528
33	4725
33	3529
33	3530
3530	3531
3530	3532
3530	3533
3530	3534
3530	3535
3530	3537
3530	3538
33	3539
3539	3540
3539	3541
3539	3542
3539	3543
3539	3544
3539	3545
3539	3546
3539	3547
3539	3548
3539	3549
3539	2860
33	3550
3550	3551
3550	3552
3550	3553
33	3993
33	3554
3554	3555
3554	3556
3554	3557
3554	3558
3554	3559
3554	3560
33	3561
4728	3561
33	3562
33	3563
33	3564
33	3565
33	3566
33	3567
33	3569
33	3571
33	3572
33	3573
33	3574
33	3575
33	3576
33	3577
33	3578
33	3579
33	3580
33	3581
33	3582
3582	3583
3582	3584
3582	3585
3582	3586
3582	3587
3582	3588
3582	3589
33	3590
33	3591
33	3593
33	3594
33	3595
33	3596
33	3597
33	3598
33	3599
33	3601
33	3602
33	3603
33	3604
33	3605
33	3606
33	3607
33	3608
33	3609
33	3610
33	3611
33	1520
33	3613
33	3614
33	3615
33	3618
33	3619
33	3620
33	3621
33	3622
33	3623
33	3624
33	3625
33	3626
33	3627
33	3628
33	3629
33	3630
33	3631
33	3632
33	3633
33	3634
33	3616
33	3635
33	3636
33	3637
33	3638
4733	3638
33	3640
33	3641
4368	3641
33	3642
3642	3643
3642	3644
3642	3645
3642	3646
3642	3647
3642	3648
3642	3649
3642	3650
3642	3651
3642	3652
3642	3653
3642	3654
3642	3655
3642	3656
3642	3657
3642	3658
3642	3659
3642	3660
3642	3661
3642	3662
3642	3663
3642	3664
3642	3665
3642	3666
3642	3667
3642	3668
3642	3669
3642	3670
3642	3671
3642	3672
3642	3673
3642	3674
3642	3675
3642	3676
3642	3677
3642	3678
3642	3679
3642	3680
3642	3681
3642	3682
3642	3683
3642	3684
3642	3685
3642	3686
3642	3687
3642	3688
3642	3689
3642	3690
3642	3691
3642	3692
3642	3693
3642	3694
3642	3695
3642	3696
3642	3697
3642	3698
3642	3699
3642	3700
3642	3701
3642	3702
3642	3703
3642	3704
3642	3705
3642	3706
3642	3707
3642	3708
3642	3709
3642	3710
3642	3711
3642	3712
3642	3713
3642	3714
3642	3715
3642	3716
3642	3717
3642	3718
3642	3719
3642	3720
3642	3721
3642	3722
3642	3723
3642	3724
3642	3725
3642	3726
3642	3727
3642	3728
3642	3729
3642	3730
3642	3731
3642	3732
3642	3733
3642	3734
3642	3735
3642	3736
3642	3737
3642	3738
3642	3739
3642	3740
3642	3741
3642	3742
3642	3743
3642	3744
3642	3745
3642	3746
3642	3747
3642	3748
3642	3749
3642	3750
3642	3751
3642	3752
3642	3753
3642	3754
3642	3755
3642	3756
3642	3757
3642	3758
3642	3759
3642	3760
3642	3761
3642	3762
3642	3763
3642	3764
3642	3765
3642	3766
3642	3767
3642	3768
3642	3769
3642	3770
3642	3771
3642	3772
3642	3773
3642	3774
3642	3775
3642	3776
3642	3777
3642	3778
3642	3779
3642	3780
3642	3781
3642	3782
3642	3783
3642	3784
3642	3785
3642	3786
3642	3787
3642	3788
3642	3789
33	3790
33	3791
33	3792
33	3793
33	3794
33	3795
4172	3139
4172	3136
4172	3137
4172	3138
4172	3140
4172	3141
4172	3142
4172	3143
4172	4736
4172	4738
4738	4739
4738	4740
4738	4741
4738	4742
4738	4743
4738	4744
4738	4745
4738	4746
4738	4747
4738	4748
4738	4749
4738	4750
4738	4751
4738	4752
4738	4753
4738	4754
4738	4755
4172	4756
4756	4757
4757	4758
4757	4759
4756	4760
4760	4761
4760	4762
4760	4763
4760	4764
4756	4765
4765	4766
4765	4767
4765	4768
4765	4769
4765	4770
4765	4771
4765	4772
4765	4773
4765	4774
4765	4775
4765	4776
4756	4777
4777	4778
4777	4779
4777	4780
4777	4781
4777	4782
4777	4783
4777	4784
4777	4785
4172	4786
4786	4787
4787	4788
4787	4789
4787	4772
4787	4774
4787	4766
4787	4793
4787	4794
4787	4795
4787	4796
4786	4797
4797	4798
4786	4799
4799	4800
4799	4801
4799	4743
4799	4803
4172	3145
4172	3146
4172	3147
4172	3148
4172	3149
4172	3150
4172	3151
4172	4807
3847	4807
4172	4804
4172	4805
4172	4806
4172	4808
4172	4809
4172	4810
4172	3153
4172	3154
3154	3155
3154	3156
3154	3157
3154	3158
3154	3159
3154	3160
3154	3161
3154	3162
3154	3163
3154	3164
3154	3165
3154	3166
3154	3167
3154	3168
3154	3169
3154	3181
3154	4811
3154	3170
4172	3171
4172	3172
4172	4813
4172	4814
4172	3229
4172	3230
4172	3231
4172	4816
34	4817
34	3796
34	3797
34	3798
34	4818
34	4819
34	4820
34	4821
34	4822
34	4823
34	4824
34	4825
34	4826
34	4827
34	4828
34	4829
34	4830
34	4831
34	4832
34	4833
34	4834
34	4835
34	4836
34	4837
34	4838
34	4839
34	4840
34	4841
34	4842
34	4843
34	4844
34	4845
34	4846
35	3800
35	3801
35	3802
35	3803
35	3039
35	3386
35	3807
35	3808
35	3809
35	3810
35	3811
35	3812
35	3813
35	3814
35	3815
35	3816
35	3817
35	3818
35	3819
35	3820
35	3821
35	3823
35	3824
35	3825
35	3826
35	3828
35	3829
35	3830
35	3831
35	3832
36	3833
36	3834
36	3835
36	3836
36	3837
36	3838
36	3839
36	3840
36	3841
36	3842
36	3843
36	3844
36	3845
36	3846
3847	36
27	4849
27	4850
27	4851
27	4852
27	4853
27	4854
27	4855
27	4856
27	4857
27	4858
27	4859
27	4860
27	4861
27	3278
27	3279
27	4864
27	4865
27	4866
27	4867
27	4868
27	4869
27	4870
27	4871
27	4872
27	3272
27	4874
27	4875
27	4876
27	4877
27	4878
27	3283
27	3284
27	3285
27	3286
27	4883
3507	4922
3848	30
3848	429
3848	428
3848	149
4	161
8	166
163	166
9	166
166	3481
4299	168
170	32
170	4940
23	4940
9	4174
163	4943
163	4945
4817	1521
5911	5946
5490	8002
8023	8024
326	1873
6051	1873
4926	1873
8020	6265
5091	6265
4926	6265
8003	8002
8197	8005
8006	8005
8197	5975
5974	5975
8007	8008
8009	8010
5269	5688
5826	5688
471	5497
471	6
6383	6384
4960	6352
8025	8200
8011	8199
8013	8014
6106	6107
8015	8016
8017	8018
4926	4116
8019	8018
5911	5945
5911	5944
4972	5938
5777	4972
7997	7998
4993	8031
5753	6657
8201	6657
8034	8202
8036	8202
5772	5773
6733	6734
5010	6241
6754	315
4817	315
4116	6754
5091	6754
1314	6501
166	6501
5304	6501
1314	1315
8043	8044
9	6502
4810	6502
8047	8048
9	8048
8049	8048
4	8
4	4174
4	166
6870	6871
6870	8053
4817	6871
2812	8203
8055	8203
6923	5539
5901	8059
8060	8061
8062	8061
5644	6950
5644	6948
5644	7755
5146	5747
5735	6976
5735	6977
5735	6979
8066	8067
6266	6267
6268	6267
5914	8071
5914	7012
8205	6276
8076	6443
8205	6443
8205	8079
6210	5554
8080	8081
6381	8082
6612	6613
8084	7106
8086	8087
6289	6290
8090	8091
8092	8091
8206	8094
8207	8094
5633	8096
8097	8098
6721	8099
5589	5590
6817	6560
6434	7154
5036	7209
8208	8103
5386	5997
5997	5998
5322	8107
8108	8109
8110	8109
8110	8111
5036	6528
6691	5751
8115	6308
8117	8118
6691	8118
8119	8209
8121	8122
6090	6091
5410	8124
7349	8126
8211	8128
4817	5040
6123	7192
5386	8212
5386	7479
5386	7519
5386	7367
7097	7098
5355	7098
4933	5953
5953	5777
5951	5777
8135	5777
5070	5777
8136	8213
8138	8214
8138	8140
8141	8214
8141	8140
8143	8144
8145	8144
5660	7576
8215	8149
8216	8149
5842	5843
5353	5842
5070	7232
5824	7239
5070	7239
8217	8154
8155	8154
5070	8156
8218	7146
8158	5879
4116	5879
4116	6643
8159	8160
7609	8160
8162	8160
4	6336
4941	6336
5256	6643
5297	6643
8164	6643
8165	8166
8167	7657
5327	8169
5327	7582
8170	8171
8172	8171
5308	7678
5705	5485
5001	5485
6617	8175
6617	6072
8177	5324
5259	5786
8179	8180
8181	8180
5641	6443
5947	5948
170	4942
5645	8188
8189	5649
5355	8191
6536	6537
6569	8219
8194	8195
5905	5906
5676	5677
5678	5679
5680	5681
5269	5682
5269	5683
4817	5683
5269	5684
5269	5685
5269	5686
5269	5687
5269	5689
5269	5690
5269	5691
5692	5693
5694	5695
5273	5696
5273	5697
5698	5699
5700	5701
5702	5701
5703	5704
5705	5706
1315	5707
5503	5708
5263	5709
5070	5710
5711	152
5712	5713
5714	5715
5716	5717
5718	5719
5488	5721
5633	5634
4817	5722
5723	5724
5355	5726
5154	5727
5727	5729
3486	309
3847	5731
3847	5666
5213	5529
5733	5734
5735	5736
5737	5738
5739	5740
5741	5742
5743	5744
5745	5746
5748	5749
8	5750
5751	5752
5753	5754
5755	5754
5756	5568
33	5568
5757	5758
4172	5666
5760	5761
5762	5763
5529	5764
5765	5766
5767	5768
5769	5770
3847	5771
5774	5775
5733	5776
5778	5779
5780	5781
5782	5783
5784	5785
4817	5787
5259	5788
3920	5789
5790	5791
4669	5792
5793	5794
5795	5796
5797	5798
5799	5707
5800	5801
5802	5803
5804	5805
5806	5807
5213	310
310	5808
5809	5810
5790	5812
5590	5813
5308	5813
5813	5814
5815	5816
5817	5818
4954	5819
5308	5819
5279	5819
4954	5821
5822	5823
5824	5825
1879	5827
1267	5828
5829	5634
1879	5634
5297	5831
5832	5833
5834	5835
5836	5837
5838	5839
5822	5840
5822	5841
5844	5845
5846	5847
5848	5849
5316	5850
5577	5851
3479	5852
3024	5854
5855	5856
5316	5857
5858	5859
4984	5861
5862	5863
5864	5865
5866	5867
5868	5869
5870	5871
170	5066
5872	5873
5874	5875
5876	5877
5337	5398
5880	5881
5882	5883
5535	5884
5885	5886
5887	5888
5889	5890
5891	5892
5893	5894
5895	5896
5897	5898
5899	5900
5901	5902
5903	5904
5907	5908
5909	5910
5911	5912
5913	5914
3020	5916
5917	5918
5919	5920
335	5921
5922	5923
5924	5925
5924	5926
5927	5928
5929	5930
5931	5932
5933	5934
5893	5936
5937	5936
4972	4975
5036	5940
5941	5942
5646	5941
5949	5950
5951	5952
5951	5954
5951	5955
5951	5956
5951	5958
5959	5960
5961	5962
5490	5963
5490	5964
5490	5965
5966	5490
4819	5967
4819	5968
5969	5970
5308	5971
5972	5971
3024	5973
5976	5977
5978	5979
5980	5981
4658	5983
5984	5985
5986	5987
5070	5988
5378	5989
5990	5378
5990	5989
5705	5378
5689	5993
5386	5689
5689	5994
5995	5996
3	4842
3	5999
6000	5999
6001	6002
3	6003
3	6005
3	6006
5997	6007
6008	6009
6008	6010
6011	6012
5997	6013
5997	6014
6008	6015
5711	324
5711	6016
5711	6017
6018	6019
5997	6020
4	4935
6022	6023
6024	6025
6024	6026
6024	6027
6028	6029
5487	6030
5144	6032
6024	6033
6034	5575
5362	6035
6036	6037
6038	6039
6040	6041
6042	6043
6044	6045
6046	6047
6024	6048
6052	6053
5349	6054
5349	6055
6056	6057
4999	6058
6059	6060
5381	6062
5381	6063
5381	6064
6065	6066
6067	6068
3	6069
6070	6071
5952	6072
6073	6074
6073	6075
6073	6076
6077	6078
6080	6081
5388	6082
5388	6083
5646	6084
5646	6085
5819	445
5398	6087
6088	5070
6092	6093
6094	6095
6096	6097
6098	6099
5675	6101
6102	6103
6104	6105
6108	6109
4823	1890
6111	6112
5308	6113
6114	320
6115	320
5404	6116
5404	4263
5404	6118
6119	6120
6120	6122
6123	6124
6125	6126
5383	5384
5384	6127
6128	6129
6130	6131
5279	6132
6133	6134
5848	6135
6136	6137
4817	6138
6139	6140
6141	6142
6143	6032
6145	6146
8211	5612
5612	6148
6149	5612
5612	6150
5353	6151
6152	6153
6154	6155
5411	5508
6156	6157
6158	6157
6159	6160
6161	6162
6163	6164
6165	6166
5907	6168
6169	6170
6163	6172
6163	6173
6174	6175
6176	6177
5353	6177
5469	6178
6179	6180
5688	6182
6183	6184
6185	6186
6187	6188
6163	6189
4667	6190
6163	6191
6192	6193
6194	6195
6090	6123
3994	6197
6198	6199
5353	6200
5893	6200
6201	6202
6203	6204
167	5414
5893	5414
5893	6205
6206	6207
6208	6209
6210	6211
5320	6212
4922	5110
6213	6214
6213	6215
5028	6216
6217	6218
5842	6219
6220	6221
6213	6222
6213	6223
6224	6225
6226	320
5459	6229
5459	6230
5110	6232
6213	6233
6213	6234
6235	6236
6237	6238
6213	6239
6051	6240
6242	6243
5459	6243
6244	6243
6245	6246
5607	6247
5620	6248
6213	5114
6250	6251
6213	6252
6253	6224
6254	6255
5503	6256
5441	6258
5441	6259
5441	6261
5441	6262
6263	6264
5	6269
5	6271
5	6272
5213	6273
6274	6275
6276	6277
6278	6279
5694	6280
6281	6282
6283	6284
6285	6286
6287	6288
6291	6292
6291	6293
6291	6294
6291	6296
5714	6298
6291	6299
6300	6301
6300	6302
6303	6304
5293	6306
443	6308
6309	6310
6311	6312
6313	6314
6313	6315
6316	6317
6316	6319
6316	6320
6321	6322
5306	6323
5822	6324
6324	6325
6324	6326
6324	6328
5411	6329
4368	6331
6332	6333
6334	6335
6337	6338
4299	163
5549	5285
5092	6341
5191	6342
315	4659
4962	6344
4962	6345
4962	6346
4962	6347
4962	4965
4962	6348
4962	6349
4962	5294
5308	6350
5353	5310
5310	6351
6303	6353
6354	6355
6356	6357
5947	6358
6359	6360
6359	6361
6359	6362
6136	5832
6363	6364
6365	6366
6367	6368
6369	6370
6371	6372
5070	6373
5451	6375
5355	6376
6377	6378
6379	6380
6206	6381
6377	6382
6385	5883
6386	5883
5883	6387
5955	6389
5438	6390
6391	6392
6393	6394
6395	6396
6397	6398
6399	6400
5066	5065
6401	6402
5066	5064
6401	4659
6404	6405
6406	6407
6408	6409
6410	6411
6123	6412
6413	6414
3	6415
5213	6416
6417	6418
6419	6420
4647	6422
5431	6423
5518	6424
5651	6425
6426	6427
5213	6428
6429	6430
6431	6432
3154	6308
6434	6435
6436	6437
6438	6439
6440	6441
6440	6442
5606	5565
6443	6444
6445	163
4958	6448
6449	6450
6450	6451
6450	6452
6453	5314
5688	6455
5297	6456
5319	6458
5319	6459
6460	6461
6244	6463
6464	6465
6464	16
6467	6468
6469	6470
6471	6472
6473	6474
6475	6476
6477	6478
5385	6479
6480	1875
6481	6482
6483	6484
6485	6484
4817	5284
5274	6486
5010	6487
6488	6489
6490	6491
6492	6493
6494	6495
6496	6497
5118	6498
5118	6500
5712	6504
6505	6506
3847	6507
5493	6508
6509	5741
5741	6510
5741	6511
5741	6512
5741	6513
5741	6514
5741	6515
6516	6517
6518	6519
5502	6521
6522	6523
6524	6525
6526	6527
6529	6530
6531	6532
6533	6534
5242	6535
6538	6539
6540	6541
6542	6543
5430	6544
6545	6546
6545	6547
6548	6545
6545	6550
4826	6551
4826	6552
6553	6554
6550	6555
6556	6557
6558	6559
6560	6561
6562	6563
6564	6565
4817	5406
6566	6567
6244	6568
6569	6570
6571	4653
4653	6574
4653	6575
6576	6577
6578	6579
6580	6581
6580	6582
6580	6583
5377	3638
3897	4199
4922	6584
4922	3641
4922	6586
4922	6587
6588	6589
6590	6591
5329	6593
6594	6595
6596	6597
6598	6599
6443	6600
5743	6601
4993	6602
5070	6605
5452	6606
6179	6607
6608	3479
6609	6610
6611	5529
5087	5529
6614	6615
6609	6616
6617	6618
6619	6620
6621	6622
6623	6624
5629	6625
5337	6626
6627	6628
6629	3486
6630	6631
6139	6632
5297	6633
5297	6634
5297	6635
5297	6636
5297	6637
5297	6638
5297	6639
5297	6640
5297	6641
5297	6642
5297	5210
5297	6644
5297	6645
5297	5276
5297	6646
5297	6647
5297	6648
5297	6649
5297	6650
5297	6651
5297	6652
5335	6653
5335	6057
6654	6655
5809	6656
5428	5042
4824	6659
6660	6661
4823	5827
4823	6663
4823	6664
4823	6665
4823	6666
4823	6667
4823	6668
4823	6669
4823	6670
4823	6671
4823	5692
4823	4847
4823	6675
4823	6676
4823	6677
6678	6677
4823	6679
6680	5956
6682	6683
6244	6684
6684	6685
5800	6686
5800	6687
5800	6689
5800	6690
6693	6694
6695	6696
6697	6698
6700	6699
6700	4166
6701	6702
6703	6704
6705	6706
5757	6707
7012	6709
6253	6710
6711	6712
6713	6714
8	6715
6716	6717
6718	6719
5347	6720
6721	6722
5279	6723
6724	5347
6725	6726
6727	6728
5382	6729
5382	6730
6731	6732
5587	6736
6727	6737
6738	6739
6740	6741
6742	6743
5308	6744
6536	6745
6746	6747
6748	6749
3897	6750
6740	6751
6752	6753
6755	6756
6757	6758
6759	6760
5001	6761
6008	1894
5001	6104
5723	6764
5001	6765
6475	6766
6767	6768
6475	6770
4817	6770
6366	6771
6772	6773
5383	6775
6776	6777
6778	6779
3303	6780
6781	6782
6783	6784
6785	6786
6787	6788
6660	6789
5829	6790
6197	6791
5154	6792
3910	6794
6795	6796
6797	6798
1953	313
6799	313
6438	6800
6801	6802
6803	6804
6038	6805
177	6806
6123	6807
6808	6809
6810	6490
6811	6812
6172	6813
6814	6815
6560	6816
6560	6818
6560	6819
5590	6820
5590	6821
5590	6822
6823	6824
6825	6310
6826	6827
5391	6828
6829	6830
6829	6831
5584	6833
6834	6835
5308	6836
6837	6838
5308	6839
5308	6840
5308	6841
5308	6843
5308	6844
5308	6845
5308	6846
6810	6848
6810	6849
6850	5613
6852	6853
5822	6854
5733	6855
6856	6857
3303	6858
5995	6859
6860	5906
6861	6862
6778	6864
6865	154
6867	154
154	6869
6871	6872
5126	5127
4166	6874
5877	6875
4842	5877
6876	5877
6877	6878
6879	6880
6879	5046
6882	6072
6072	6883
6072	6884
6438	6886
6742	6887
6742	6888
6889	6890
5414	6892
5129	6893
6894	6895
6731	6896
5131	6897
6898	5131
6899	6900
6899	6901
6899	6903
6526	6905
6526	6907
6526	6908
6909	6910
5866	6911
14	6914
14	6916
6917	6918
5535	6919
4817	6920
6921	6922
5539	6924
6925	6926
5322	6654
6927	6928
5058	6930
6931	6932
6933	6934
6934	6936
6937	6938
6939	6940
6941	6942
6943	6944
5541	6946
5644	6949
5644	6951
5644	6952
5308	6953
6953	6955
6953	6956
6957	6953
6958	6959
6960	6961
6274	6963
6274	6964
6274	6965
6274	6966
6274	6967
6274	6968
6274	6970
6274	6971
6972	6476
432	6973
6972	6974
5735	6981
6982	6983
3506	4923
6985	6986
6985	6987
5136	5171
5144	5544
5144	6988
6806	6989
5327	6990
6991	6992
5438	5440
6993	6994
6995	6996
6531	6553
408	6999
7000	7001
7002	7003
7004	5088
6556	7005
7006	6195
7007	7008
7009	7010
6032	7012
7013	7014
7015	7016
6556	7017
7018	7019
7020	7021
7022	7023
5659	7024
5308	7025
3045	6693
6483	7027
6485	7027
6780	7028
6780	7029
7030	7031
6740	7032
6740	7033
6740	7034
7035	7036
5157	5475
5316	7038
5316	7039
5334	7040
5151	7041
5875	7043
5875	2020
7045	7046
13	7048
7049	7050
7051	7052
7053	7054
7055	7056
7057	7058
5832	7059
5829	321
6467	7060
7061	7062
7063	7064
5357	7066
6467	7068
6008	7069
6008	7070
7071	7072
7073	7074
7076	7077
6381	7078
5165	7079
7080	7081
7082	5251
7084	7085
5070	7086
5146	5371
5842	7088
7089	7090
439	7091
5324	7092
5676	7093
5562	7094
7095	7096
4817	6154
5111	7099
7082	1871
7100	7101
7102	7103
5191	4831
7106	7107
7106	7108
7109	7110
321	7112
7113	7114
6244	7115
7116	7117
5722	7119
5705	7120
7121	7122
7123	7124
5913	7125
5171	7126
7127	7128
5668	7129
7130	7131
5353	7132
5177	7134
5177	7135
7136	5180
7137	7138
7139	7140
7141	7142
7143	7144
7145	7146
7147	6744
6721	7149
7150	7151
6165	7152
6465	7153
170	5357
5256	5114
7154	7156
7154	7158
3904	3881
7159	7160
7161	7162
5589	7164
5589	7166
7167	7168
6903	7169
7170	7171
7172	7173
5577	7174
5070	7175
5421	7176
7177	7178
5308	7179
5308	7180
5106	7181
5829	7182
5338	7183
7184	7185
5666	7186
7187	7188
7189	7190
4817	5956
5593	7191
5594	7193
5594	7194
7195	7196
7195	7197
7195	7198
5469	7199
5469	7200
5469	7201
5469	7202
6599	5469
5469	7203
7204	7205
6434	7206
7207	7208
7209	7210
5822	7211
5198	7212
5386	5198
6473	7213
23	5971
326	4829
326	7217
326	7218
2568	7220
5714	7221
7222	7223
7224	7225
7226	7227
7227	7229
5087	5359
7230	7231
5070	7233
5070	7234
5070	7235
5070	7236
5070	7237
5070	7238
5070	7240
5070	7241
5070	7242
7243	5070
5428	5070
7244	7245
7246	7247
7248	7249
7250	7251
5897	7253
7254	7255
7256	7257
7258	7259
6148	7260
6148	7261
321	5361
6161	7262
6161	7264
7265	7266
7265	7267
5842	7268
4933	7269
4366	7271
5201	7272
5797	7274
5575	7275
6377	7276
6244	7278
7279	7280
5889	7281
7282	7283
5308	5206
5210	7286
5210	7287
7288	7289
5320	7290
5320	7291
5320	7292
7293	7294
7295	7296
6475	7297
5829	7297
5997	7298
7299	7300
7301	7302
5669	7303
5955	7304
5036	7305
5036	7306
5036	7307
5036	7308
5036	7309
5036	7310
5036	7311
5036	7312
5609	7313
5609	7314
5609	7315
7316	7317
5442	5613
5682	7318
7319	5613
5733	7320
7321	7322
5503	84
7248	7325
7326	7327
6203	7329
7331	7332
5154	7333
7334	7335
7336	7337
7338	7339
5410	7340
5410	7341
7342	7343
4817	7343
5387	7344
7345	7346
5317	6267
7347	7348
7349	7350
7351	7352
7353	7354
7355	7356
7357	7358
7359	7360
7361	7362
7363	7364
5862	7366
7368	7369
7370	7371
7372	7373
7375	7376
7377	7378
7379	7380
7381	4243
5829	4243
1879	1890
1879	7382
1879	1891
1879	7383
5829	7048
5829	7384
7385	7386
5561	7387
5026	5027
5026	7388
7389	7390
7391	7392
5389	7393
5610	7394
7395	7396
7397	7398
7397	7399
7400	7401
7402	7403
7404	7405
7404	7406
7407	7408
7409	7410
7409	7411
7329	7412
7329	7413
5360	7414
5359	5360
7415	6884
5812	6069
7418	7419
7420	7421
7422	7423
7424	7425
7425	7427
7428	7429
7430	7431
6230	7432
6230	7433
6230	7434
6230	7435
23	6693
5070	7436
5111	5423
7437	7438
4150	7439
6098	7440
7441	7442
7359	7444
7445	7446
5070	7447
5208	5650
7449	7450
17	7451
31	7451
7452	7453
6366	7455
6314	7456
7457	7458
7459	7460
7461	3881
3881	4937
5428	7463
7464	7465
7466	7467
7468	7469
7470	7471
5029	7472
7473	6709
5108	5506
6123	7474
6123	7475
5386	7476
5386	7478
5386	7480
5386	7481
5386	7482
5386	7483
5442	7484
5442	7485
5442	7486
5442	7487
7488	7489
7490	7491
5028	7492
7493	7494
5777	7495
7496	7497
7498	6197
5660	7499
7500	7501
6550	7502
7503	7504
7505	7506
7507	7508
7509	7510
7509	7511
3487	7512
7513	4094
5751	7515
7516	7517
5757	7518
5017	7521
7522	7523
7524	7525
7524	7526
7524	5542
7524	7527
5542	7529
7530	7531
5338	6719
5420	7532
7533	4838
5435	7534
6443	7293
7535	7536
6250	7537
7538	7539
7540	7541
7542	7543
6253	7544
7545	5832
7547	7548
7549	3488
3488	7550
7551	7552
5905	7554
7555	7556
7326	7558
7326	7559
7326	7560
5438	7562
5438	7563
7564	7565
7564	7566
7362	7568
7569	7570
5893	7571
7571	7573
5446	7574
4964	7575
5660	7577
7578	7579
7580	7581
5327	7583
5327	5068
5327	7584
6633	7585
7586	7587
6529	7588
7589	7590
7353	7592
5451	7593
326	7594
321	7595
33	7596
7248	5461
6883	7598
352	7599
7600	7601
7601	7602
7603	7604
7605	7606
7605	6822
7605	5954
7605	7607
7605	7608
7609	7610
7611	7612
7522	7613
7614	7615
6390	7616
7617	7618
7612	7619
7620	7621
6213	7622
7184	7623
6921	7624
7625	7626
5564	7627
5669	7629
5669	7630
5669	7631
5669	7632
7633	7634
7635	7636
5086	5832
7637	5086
7637	5484
5303	7638
7639	7640
5472	7641
5472	7642
5472	7643
5470	7644
5091	7645
5091	5475
5095	7646
7439	7647
7648	5607
7650	7651
7212	7652
7212	7653
4172	7654
5364	7655
5502	7656
7657	7658
7659	7660
7661	7662
7661	7663
6898	7664
6898	5530
7666	7667
6359	7668
7669	7670
6197	7671
7672	7673
7672	7674
7672	7675
7676	7677
7679	7680
5459	7681
7682	7683
3847	7684
3847	7685
3847	7686
7687	7688
6003	7689
7690	7691
7690	7692
28	6269
30	6269
7048	7695
7048	7696
6000	5361
5750	7697
7698	7699
6590	7700
5487	7701
5487	7702
4817	5494
7703	7704
6870	7705
7706	7707
5842	7709
5842	7710
5610	7711
1873	7712
1873	7713
1873	7714
1873	7715
5324	7717
7718	7719
6752	7720
6752	7721
7722	7723
7359	7724
7725	7726
4817	7727
6244	7728
7729	5668
7730	7731
7732	7733
7734	7735
7734	7736
6426	7737
7738	7739
7740	7741
7742	7743
7744	7745
6705	7747
7748	7749
7750	7751
7752	7753
7449	7754
7666	7756
5842	7757
7758	7759
1888	7760
1888	7761
7012	1888
3906	7762
5334	7763
5428	7764
5428	7765
6972	6518
7766	7767
5990	7769
7770	7771
7772	7773
7774	7775
7776	7777
6244	7778
6244	7779
7780	7781
7782	7783
7784	7785
7786	7787
7788	7789
5001	7790
5705	7791
6154	7793
7794	7795
7796	7797
7798	7796
7796	7800
7801	7802
7803	7804
5191	5276
6693	7805
6693	7806
7807	7808
5966	7809
7810	7811
32	3507
3507	7813
7814	7815
3507	7815
3506	7816
3507	3506
3507	5638
7814	7819
30	7820
7821	7822
7823	7824
7147	7826
5338	7827
5070	7828
7829	7830
6706	6705
6590	7833
7834	7835
7834	7836
3903	7837
7838	7839
7840	7841
5246	7842
7786	7844
7786	7845
7846	7847
5365	7848
3154	7466
7849	7850
4172	7851
7852	7853
7854	7855
7856	7857
6244	7859
7860	7861
7862	7863
5649	7865
5642	7866
5642	7867
5236	5642
5757	7869
5757	7870
5757	7872
5757	6817
5252	7875
7876	3184
5389	7878
7879	7880
5249	7881
5249	7882
4941	5249
5822	5249
4817	5249
5249	7883
5249	6802
7884	7885
7886	7887
7888	7889
5653	7890
7891	7892
6299	7893
5859	7894
7895	5626
5929	7897
5929	7898
5929	7899
7620	7900
5862	7901
5862	7902
7903	7904
7905	7906
5664	7907
5087	5665
7908	6380
7909	7910
5338	7911
7912	7913
4817	5668
5668	7914
5668	7915
5668	7916
5668	7917
5654	7919
5654	7920
5308	7921
4242	7922
7923	7924
7498	7925
7926	7927
7928	7929
5733	7132
7930	7931
4817	7932
7933	7934
5355	7935
5256	7936
7937	7938
7939	7940
5263	7942
1980	7943
317	1980
7945	7946
7947	7948
5455	7949
7950	7951
36	7952
36	7953
7954	7955
7956	7957
5273	5274
5275	5276
4946	5284
4950	5087
4954	4955
5296	5297
4972	5316
4972	5318
4977	4993
5326	5327
3	30
4987	5346
5349	5350
4999	4364
4	4938
4	5015
4	4934
4	4945
4	289
3887	4934
3887	4935
3897	4194
3872	140
5306	5307
4962	5295
4962	4964
4960	4961
4960	5070
5307	5297
6	5313
6	475
6	476
5319	5320
5323	5324
4993	5256
4984	5339
5335	5336
4173	4987
4173	5340
4173	4917
8	5348
8	4937
8	170
8	1284
8	30
5001	5378
5004	5390
4174	5304
4174	29
5397	4926
5397	5064
5017	5405
5408	5289
5116	5511
5120	4129
5512	5516
5519	5521
5519	5506
2812	5529
5129	3880
5129	5515
5533	5534
5532	5303
5134	5536
5322	5531
3897	3504
5539	5540
5537	5538
5143	5017
5141	5142
5157	3479
5148	4823
5148	5549
5146	5163
1854	5561
5160	5565
5169	5566
1243	3220
5177	5564
16	1985
16	1986
16	5076
5571	5573
5571	5572
3904	36
5569	5068
5175	5176
5186	3791
5186	3678
5186	3645
5577	5578
3506	5638
3506	32
3904	5327
5308	5585
5308	5586
5114	5113
5114	5197
5114	5588
5114	5368
5592	316
5194	5028
5594	4748
5469	166
5198	5199
170	3848
170	5015
170	3635
170	5208
170	5087
170	4945
170	5604
170	30
170	289
5611	5380
5225	5068
5613	5614
5617	5618
5615	5616
5620	5621
5503	5504
5318	3889
4817	5499
5401	5403
5401	5402
5087	337
5023	5068
5029	390
5037	5419
5040	5371
5040	5428
5028	5372
5047	5431
5338	5210
5435	5436
1812	182
5060	5412
5064	5066
5352	5354
5062	5355
5070	5455
5076	1953
5459	5460
5068	5299
5068	5362
5462	5463
5465	5466
5086	5464
5082	5468
5470	5186
5472	5473
5091	4927
5091	4930
5476	5477
5093	5163
5364	5365
5369	5370
27	5478
5485	5484
5479	5480
5479	5210
5092	326
5101	5246
5491	5492
5324	5502
5629	5065
5632	5634
5238	5171
5636	5637
4920	4018
4920	4150
4942	4004
32	3920
32	303
32	3506
5252	5151
5252	5152
5249	5646
33	5186
33	3533
33	4916
5659	5660
5664	5665
5667	5318
5282	5598
4735	3790
4735	5661
4733	5262
5259	5656
5256	5375
5256	5358
5256	5672
5256	5267
5455	5509
4954	5431
5490	5489
3	5118
3	5110
163	5213
3889	5093
3889	5013
4173	5461
4823	5484
8	5304
5655	5654
5409	5023
5430	5028
5430	5487
15	317
5590	5589
5308	5393
5308	5496
5308	3487
5308	5447
5114	5097
5469	5088
5407	5406
170	5213
170	5650
5396	5311
5496	5106
5087	5129
5087	5418
5087	5040
5023	5225
5647	33
5345	4823
5236	3906
5386	5385
4924	33
5623	5622
25	3487
5444	5443
5501	5324
5013	5093
5279	5496
30	5292
30	5242
5439	5438
5256	5113
3897	8279
3897	8278
3897	8277
5129	5130
5129	8274
5129	8273
5126	8272
5520	8271
5120	8270
5120	5122
5120	5121
8264	7257
5397	8268
5397	8267
5397	8265
5397	8264
8227	1266
5349	8228
8229	8230
5646	8231
4	5242
3889	5096
4958	4966
4958	8232
4958	8233
4958	5311
6	3796
6	8234
6	8235
6	8236
6	8237
6	4
6	4950
4987	8226
4977	4977
4972	8225
4972	4974
4972	8223
4972	8222
4972	4973
4972	5777
4972	8221
8220	5242
6	491
6	8240
6	8241
6	8242
6	8243
8244	3487
8245	8246
5335	8229
5335	8247
5335	8248
4173	8227
8249	3487
5705	7790
5705	5003
8	8250
8	8251
8	1294
8	1283
8	8252
8	8254
8	4951
4977	8258
4977	310
4977	4997
5001	8261
5001	8262
5001	5003
5433	8263
5004	5008
5397	7257
3897	8284
3897	4193
3897	8286
3897	8287
3897	8290
3897	4196
3897	1157
3897	8296
3897	4192
5141	8301
5141	8302
8303	3906
8304	289
337	8305
337	5418
5146	5144
5146	5147
7092	8306
4831	5191
4831	8307
4831	8308
4831	8309
4831	8310
4831	8311
4831	8312
4831	4824
4831	150
4831	8313
4831	8314
4831	8315
4831	5128
4831	8316
4831	8317
4831	8318
4831	8319
5165	8320
5158	8321
5158	8322
5158	8323
5158	8324
8313	4831
8325	5561
8325	8326
1854	8325
1854	8327
5008	5004
5177	8328
5177	5178
3904	8330
5186	5254
5186	8331
5186	5253
5186	8332
5191	8333
5191	5193
5191	8334
5191	5192
5191	8335
5191	6950
5191	8337
5191	5128
3904	5189
5207	5206
5592	8340
5194	5195
5469	3479
5469	8341
5198	8342
5206	8343
5206	8344
5206	8345
5210	5212
5213	312
5208	8347
5208	8348
5208	8349
5208	8350
5208	8351
170	8352
170	8353
170	5218
170	1297
170	8304
170	8355
170	1294
170	8263
5606	8358
5606	8359
5606	8360
5606	8361
5606	8362
7582	5327
5362	8363
8284	8364
7240	8366
7240	5071
5497	8367
5106	8368
5106	8369
5106	8370
4817	3507
1879	3398
1879	1880
5561	8371
5026	8372
5037	5038
5037	8373
5037	8374
5037	8375
5037	8376
5037	8377
5037	8378
5037	8379
5037	8380
8381	5242
23	289
5040	8383
5040	8384
5040	8385
5028	8386
5028	5046
5028	8387
5028	8388
5028	5045
5028	8389
8387	8390
5513	8391
5047	5050
5047	8393
5047	8394
5623	8395
5432	8396
3487	8397
3487	4523
3487	8398
5338	8399
8335	5191
1812	8400
5438	8401
5438	8402
5438	8403
5438	8404
5438	8405
5438	8406
5327	5189
485	8407
5084	8408
5564	5179
5086	5087
5082	5083
5082	8409
5091	8411
5091	8412
5091	8015
3602	8414
27	4915
27	8420
27	8246
27	3296
27	3297
5536	5134
3303	3305
5479	8427
5487	1294
5501	7092
5324	8428
5411	8430
5411	8431
5411	8432
5411	8433
163	1294
163	275
163	289
8353	8435
8353	312
8353	8436
5013	8437
8437	5096
8320	8438
8320	8439
335	222
5334	8442
5238	5239
7770	6972
5604	3906
8443	3305
3506	8444
3506	5237
3506	8446
3506	8447
3506	8448
3506	8449
3506	8450
3506	8451
3506	8452
3506	5241
3506	8453
3506	8454
3506	8455
3507	7816
3507	8451
30	8456
5242	8458
5208	8459
8273	8460
8461	8462
5640	5243
5640	8464
289	4967
4942	8467
4942	8464
4942	8468
4942	8469
4942	5243
4942	8470
4942	8471
4942	8472
4942	8473
4942	8474
4942	8475
4942	8476
4942	8477
4942	8478
4942	8479
4942	8480
4942	335
4942	265
4942	8482
4942	329
4942	282
4942	8483
4942	5640
3136	3305
32	5240
8484	4967
33	4922
33	3895
5431	8485
5065	8486
4845	8318
4845	8315
4845	6693
4845	8487
4845	4831
8279	4210
8279	4216
8279	4209
8279	4220
8332	8492
8332	8493
8307	4831
1880	8495
5455	7240
5108	5109
5146	8496
5146	8497
